{
 "cells": [
  {
   "cell_type": "code",
   "execution_count": 1,
   "id": "1eb1c844",
   "metadata": {},
   "outputs": [
    {
     "name": "stdout",
     "output_type": "stream",
     "text": [
      "running build_ext\n",
      "copying build/lib.macosx-10.9-x86_64-cpython-38/agent_timestep_plasticity.cpython-38-darwin.so -> \n",
      "running build_ext\n",
      "copying build/lib.macosx-10.9-x86_64-cpython-38/agent_timestep_stop_signal.cpython-38-darwin.so -> \n",
      "/Users/cristina/Desktop/CBGTpy_sonoma/CBGTPy/notebooks/agent_timestep_stop_signal.cpython-38-darwin.so\n",
      "/Users/cristina/Desktop/CBGTpy_sonoma/CBGTPy/notebooks/agent_timestep_plasticity.cpython-38-darwin.so\n"
     ]
    }
   ],
   "source": [
    "!python ../setup.py build_ext --inplace"
   ]
  },
  {
   "cell_type": "code",
   "execution_count": 2,
   "id": "848ff957",
   "metadata": {},
   "outputs": [],
   "source": [
    "import sys\n",
    "sys.path.append('../')\n",
    "\n",
    "import numpy as np\n",
    "import pandas as pd\n",
    "import matplotlib.pyplot as plt\n",
    "import importlib\n",
    "import pickle\n",
    "import seaborn as sns\n",
    "import pathos.multiprocessing\n",
    "import gc\n",
    "\n",
    "#Importing scripts:\n",
    "\n",
    "#Import relevant frames:\n",
    "import common.cbgt as cbgt\n",
    "import common.pipeline_creation as pl_creat\n",
    "\n",
    "#Import plotting functions:\n",
    "import common.plotting_functions as plt_func\n",
    "import common.plotting_helper_functions as plt_help\n",
    "import common.postprocessing_helpers as post_help\n",
    "\n",
    "\n",
    "def saveresults_vars(variable, prefix):\n",
    "    pickle.dump(variable, open(prefix, 'wb'))\n",
    "    \n",
    "def loadresults_vars(prefix):\n",
    "    return pickle.load(open(prefix, \"rb\"))\n",
    "\n",
    "data_dir = \"../Results/Data_results/weights_analysis/GPeA_dSPN-iSPN/\"\n",
    "figure_dir = \"../Results/Experimental_results\""
   ]
  },
  {
   "cell_type": "code",
   "execution_count": 3,
   "id": "b0c15584",
   "metadata": {},
   "outputs": [
    {
     "name": "stdout",
     "output_type": "stream",
     "text": [
      "[0.02 0.07 0.12 0.17 0.22 0.27 0.32 0.37 0.42]\n",
      "[0.02 0.07 0.12 0.17 0.22 0.27 0.32 0.37 0.42 0.47 0.52 0.57 0.62]\n"
     ]
    }
   ],
   "source": [
    "solutions_dSPN = np.arange(0.02, 0.44, 0.05) \n",
    "solutions_iSPN =  np.arange(0.02, 0.64, 0.05)\n",
    "\n",
    "print(solutions_dSPN)\n",
    "print(solutions_iSPN)"
   ]
  },
  {
   "cell_type": "markdown",
   "id": "431458bc",
   "metadata": {},
   "source": [
    "# Plots"
   ]
  },
  {
   "cell_type": "markdown",
   "id": "4c04ef06",
   "metadata": {},
   "source": [
    "### Datatables"
   ]
  },
  {
   "cell_type": "code",
   "execution_count": 4,
   "id": "b001a256",
   "metadata": {},
   "outputs": [],
   "source": [
    "datatables = pd.DataFrame()\n",
    "\n",
    "for i in np.arange(len(solutions_dSPN)):\n",
    "    \n",
    "    for k in np.arange(len(solutions_iSPN)):\n",
    "    \n",
    "        net = pickle.load(open(data_dir+'network_data_GPeA-dSPN-iSPN_iSPN+STN+GPeA_'+str(i)+'_'+str(k), 'rb'))\n",
    "\n",
    "        for j in np.arange(len(net)):\n",
    "\n",
    "            temp = net[j]['datatables']\n",
    "            temp['GPeA-dSPN'] = solutions_dSPN[i]\n",
    "            temp['GPeA-iSPN'] = solutions_iSPN[k]\n",
    "            temp['num_stops'] = [1 if x == 'stop' else 0 for x in temp.decision]\n",
    "            temp['thread'] = j\n",
    "            #temp['p_stop'] = sum(temp['num_stops'].values/50)\n",
    "            datatables = pd.concat([datatables, temp], ignore_index = False) #True\n",
    "\n",
    "datatables['GPeA-dSPN'] = np.round(datatables['GPeA-dSPN'].values, 3)\n",
    "datatables['GPeA-iSPN'] = np.round(datatables['GPeA-iSPN'].values, 3)\n",
    "saveresults_vars(datatables, data_dir+'datatables_weights-analysis_GPeA-dSPN-iSPN')"
   ]
  },
  {
   "cell_type": "code",
   "execution_count": 5,
   "id": "abbdae6d",
   "metadata": {},
   "outputs": [
    {
     "data": {
      "text/html": [
       "<div>\n",
       "<style scoped>\n",
       "    .dataframe tbody tr th:only-of-type {\n",
       "        vertical-align: middle;\n",
       "    }\n",
       "\n",
       "    .dataframe tbody tr th {\n",
       "        vertical-align: top;\n",
       "    }\n",
       "\n",
       "    .dataframe thead th {\n",
       "        text-align: right;\n",
       "    }\n",
       "</style>\n",
       "<table border=\"1\" class=\"dataframe\">\n",
       "  <thead>\n",
       "    <tr style=\"text-align: right;\">\n",
       "      <th></th>\n",
       "      <th>decision</th>\n",
       "      <th>stimulusstarttime</th>\n",
       "      <th>decisiontime</th>\n",
       "      <th>decisionduration</th>\n",
       "      <th>decisiondurationplusdelay</th>\n",
       "      <th>rewardtime</th>\n",
       "      <th>correctdecision</th>\n",
       "      <th>reward</th>\n",
       "      <th>GPeA-dSPN</th>\n",
       "      <th>GPeA-iSPN</th>\n",
       "      <th>num_stops</th>\n",
       "      <th>thread</th>\n",
       "    </tr>\n",
       "  </thead>\n",
       "  <tbody>\n",
       "    <tr>\n",
       "      <th>0</th>\n",
       "      <td>left</td>\n",
       "      <td>0</td>\n",
       "      <td>286</td>\n",
       "      <td>286</td>\n",
       "      <td>587</td>\n",
       "      <td>587</td>\n",
       "      <td>left</td>\n",
       "      <td>1.0</td>\n",
       "      <td>0.02</td>\n",
       "      <td>0.02</td>\n",
       "      <td>0</td>\n",
       "      <td>0</td>\n",
       "    </tr>\n",
       "    <tr>\n",
       "      <th>1</th>\n",
       "      <td>left</td>\n",
       "      <td>1188</td>\n",
       "      <td>1486</td>\n",
       "      <td>298</td>\n",
       "      <td>599</td>\n",
       "      <td>1787</td>\n",
       "      <td>left</td>\n",
       "      <td>1.0</td>\n",
       "      <td>0.02</td>\n",
       "      <td>0.02</td>\n",
       "      <td>0</td>\n",
       "      <td>0</td>\n",
       "    </tr>\n",
       "    <tr>\n",
       "      <th>2</th>\n",
       "      <td>stop</td>\n",
       "      <td>2388</td>\n",
       "      <td>2689</td>\n",
       "      <td>301</td>\n",
       "      <td>602</td>\n",
       "      <td>2990</td>\n",
       "      <td>left</td>\n",
       "      <td>0.0</td>\n",
       "      <td>0.02</td>\n",
       "      <td>0.02</td>\n",
       "      <td>1</td>\n",
       "      <td>0</td>\n",
       "    </tr>\n",
       "    <tr>\n",
       "      <th>3</th>\n",
       "      <td>left</td>\n",
       "      <td>3591</td>\n",
       "      <td>3874</td>\n",
       "      <td>283</td>\n",
       "      <td>584</td>\n",
       "      <td>4175</td>\n",
       "      <td>left</td>\n",
       "      <td>1.0</td>\n",
       "      <td>0.02</td>\n",
       "      <td>0.02</td>\n",
       "      <td>0</td>\n",
       "      <td>0</td>\n",
       "    </tr>\n",
       "    <tr>\n",
       "      <th>4</th>\n",
       "      <td>left</td>\n",
       "      <td>4776</td>\n",
       "      <td>4849</td>\n",
       "      <td>73</td>\n",
       "      <td>374</td>\n",
       "      <td>5150</td>\n",
       "      <td>left</td>\n",
       "      <td>1.0</td>\n",
       "      <td>0.02</td>\n",
       "      <td>0.02</td>\n",
       "      <td>0</td>\n",
       "      <td>0</td>\n",
       "    </tr>\n",
       "    <tr>\n",
       "      <th>...</th>\n",
       "      <td>...</td>\n",
       "      <td>...</td>\n",
       "      <td>...</td>\n",
       "      <td>...</td>\n",
       "      <td>...</td>\n",
       "      <td>...</td>\n",
       "      <td>...</td>\n",
       "      <td>...</td>\n",
       "      <td>...</td>\n",
       "      <td>...</td>\n",
       "      <td>...</td>\n",
       "      <td>...</td>\n",
       "    </tr>\n",
       "    <tr>\n",
       "      <th>25</th>\n",
       "      <td>left</td>\n",
       "      <td>28774</td>\n",
       "      <td>28843</td>\n",
       "      <td>69</td>\n",
       "      <td>370</td>\n",
       "      <td>29144</td>\n",
       "      <td>left</td>\n",
       "      <td>1.0</td>\n",
       "      <td>0.42</td>\n",
       "      <td>0.62</td>\n",
       "      <td>0</td>\n",
       "      <td>9</td>\n",
       "    </tr>\n",
       "    <tr>\n",
       "      <th>26</th>\n",
       "      <td>left</td>\n",
       "      <td>29745</td>\n",
       "      <td>30042</td>\n",
       "      <td>297</td>\n",
       "      <td>598</td>\n",
       "      <td>30343</td>\n",
       "      <td>left</td>\n",
       "      <td>1.0</td>\n",
       "      <td>0.42</td>\n",
       "      <td>0.62</td>\n",
       "      <td>0</td>\n",
       "      <td>9</td>\n",
       "    </tr>\n",
       "    <tr>\n",
       "      <th>27</th>\n",
       "      <td>left</td>\n",
       "      <td>30944</td>\n",
       "      <td>31240</td>\n",
       "      <td>296</td>\n",
       "      <td>597</td>\n",
       "      <td>31541</td>\n",
       "      <td>left</td>\n",
       "      <td>1.0</td>\n",
       "      <td>0.42</td>\n",
       "      <td>0.62</td>\n",
       "      <td>0</td>\n",
       "      <td>9</td>\n",
       "    </tr>\n",
       "    <tr>\n",
       "      <th>28</th>\n",
       "      <td>left</td>\n",
       "      <td>32142</td>\n",
       "      <td>32441</td>\n",
       "      <td>299</td>\n",
       "      <td>600</td>\n",
       "      <td>32742</td>\n",
       "      <td>left</td>\n",
       "      <td>1.0</td>\n",
       "      <td>0.42</td>\n",
       "      <td>0.62</td>\n",
       "      <td>0</td>\n",
       "      <td>9</td>\n",
       "    </tr>\n",
       "    <tr>\n",
       "      <th>29</th>\n",
       "      <td>left</td>\n",
       "      <td>33343</td>\n",
       "      <td>33624</td>\n",
       "      <td>281</td>\n",
       "      <td>582</td>\n",
       "      <td>33925</td>\n",
       "      <td>left</td>\n",
       "      <td>1.0</td>\n",
       "      <td>0.42</td>\n",
       "      <td>0.62</td>\n",
       "      <td>0</td>\n",
       "      <td>9</td>\n",
       "    </tr>\n",
       "  </tbody>\n",
       "</table>\n",
       "<p>35100 rows × 12 columns</p>\n",
       "</div>"
      ],
      "text/plain": [
       "   decision stimulusstarttime decisiontime decisionduration  \\\n",
       "0      left                 0          286              286   \n",
       "1      left              1188         1486              298   \n",
       "2      stop              2388         2689              301   \n",
       "3      left              3591         3874              283   \n",
       "4      left              4776         4849               73   \n",
       "..      ...               ...          ...              ...   \n",
       "25     left             28774        28843               69   \n",
       "26     left             29745        30042              297   \n",
       "27     left             30944        31240              296   \n",
       "28     left             32142        32441              299   \n",
       "29     left             33343        33624              281   \n",
       "\n",
       "   decisiondurationplusdelay rewardtime correctdecision reward  GPeA-dSPN  \\\n",
       "0                        587        587            left    1.0       0.02   \n",
       "1                        599       1787            left    1.0       0.02   \n",
       "2                        602       2990            left    0.0       0.02   \n",
       "3                        584       4175            left    1.0       0.02   \n",
       "4                        374       5150            left    1.0       0.02   \n",
       "..                       ...        ...             ...    ...        ...   \n",
       "25                       370      29144            left    1.0       0.42   \n",
       "26                       598      30343            left    1.0       0.42   \n",
       "27                       597      31541            left    1.0       0.42   \n",
       "28                       600      32742            left    1.0       0.42   \n",
       "29                       582      33925            left    1.0       0.42   \n",
       "\n",
       "    GPeA-iSPN  num_stops  thread  \n",
       "0        0.02          0       0  \n",
       "1        0.02          0       0  \n",
       "2        0.02          1       0  \n",
       "3        0.02          0       0  \n",
       "4        0.02          0       0  \n",
       "..        ...        ...     ...  \n",
       "25       0.62          0       9  \n",
       "26       0.62          0       9  \n",
       "27       0.62          0       9  \n",
       "28       0.62          0       9  \n",
       "29       0.62          0       9  \n",
       "\n",
       "[35100 rows x 12 columns]"
      ]
     },
     "execution_count": 5,
     "metadata": {},
     "output_type": "execute_result"
    }
   ],
   "source": [
    "datatables"
   ]
  },
  {
   "cell_type": "code",
   "execution_count": 6,
   "id": "7e2081b5",
   "metadata": {},
   "outputs": [
    {
     "data": {
      "text/html": [
       "<div>\n",
       "<style scoped>\n",
       "    .dataframe tbody tr th:only-of-type {\n",
       "        vertical-align: middle;\n",
       "    }\n",
       "\n",
       "    .dataframe tbody tr th {\n",
       "        vertical-align: top;\n",
       "    }\n",
       "\n",
       "    .dataframe thead th {\n",
       "        text-align: right;\n",
       "    }\n",
       "</style>\n",
       "<table border=\"1\" class=\"dataframe\">\n",
       "  <thead>\n",
       "    <tr style=\"text-align: right;\">\n",
       "      <th></th>\n",
       "      <th>GPeA-dSPN</th>\n",
       "      <th>GPeA-iSPN</th>\n",
       "      <th>p_stop</th>\n",
       "    </tr>\n",
       "  </thead>\n",
       "  <tbody>\n",
       "    <tr>\n",
       "      <th>0</th>\n",
       "      <td>0.02</td>\n",
       "      <td>0.02</td>\n",
       "      <td>0.213333</td>\n",
       "    </tr>\n",
       "    <tr>\n",
       "      <th>1</th>\n",
       "      <td>0.02</td>\n",
       "      <td>0.07</td>\n",
       "      <td>0.103333</td>\n",
       "    </tr>\n",
       "    <tr>\n",
       "      <th>2</th>\n",
       "      <td>0.02</td>\n",
       "      <td>0.12</td>\n",
       "      <td>0.050000</td>\n",
       "    </tr>\n",
       "    <tr>\n",
       "      <th>3</th>\n",
       "      <td>0.02</td>\n",
       "      <td>0.17</td>\n",
       "      <td>0.046667</td>\n",
       "    </tr>\n",
       "    <tr>\n",
       "      <th>4</th>\n",
       "      <td>0.02</td>\n",
       "      <td>0.22</td>\n",
       "      <td>0.013333</td>\n",
       "    </tr>\n",
       "    <tr>\n",
       "      <th>...</th>\n",
       "      <td>...</td>\n",
       "      <td>...</td>\n",
       "      <td>...</td>\n",
       "    </tr>\n",
       "    <tr>\n",
       "      <th>112</th>\n",
       "      <td>0.42</td>\n",
       "      <td>0.42</td>\n",
       "      <td>0.443333</td>\n",
       "    </tr>\n",
       "    <tr>\n",
       "      <th>113</th>\n",
       "      <td>0.42</td>\n",
       "      <td>0.47</td>\n",
       "      <td>0.406667</td>\n",
       "    </tr>\n",
       "    <tr>\n",
       "      <th>114</th>\n",
       "      <td>0.42</td>\n",
       "      <td>0.52</td>\n",
       "      <td>0.306667</td>\n",
       "    </tr>\n",
       "    <tr>\n",
       "      <th>115</th>\n",
       "      <td>0.42</td>\n",
       "      <td>0.57</td>\n",
       "      <td>0.276667</td>\n",
       "    </tr>\n",
       "    <tr>\n",
       "      <th>116</th>\n",
       "      <td>0.42</td>\n",
       "      <td>0.62</td>\n",
       "      <td>0.256667</td>\n",
       "    </tr>\n",
       "  </tbody>\n",
       "</table>\n",
       "<p>117 rows × 3 columns</p>\n",
       "</div>"
      ],
      "text/plain": [
       "     GPeA-dSPN  GPeA-iSPN    p_stop\n",
       "0         0.02       0.02  0.213333\n",
       "1         0.02       0.07  0.103333\n",
       "2         0.02       0.12  0.050000\n",
       "3         0.02       0.17  0.046667\n",
       "4         0.02       0.22  0.013333\n",
       "..         ...        ...       ...\n",
       "112       0.42       0.42  0.443333\n",
       "113       0.42       0.47  0.406667\n",
       "114       0.42       0.52  0.306667\n",
       "115       0.42       0.57  0.276667\n",
       "116       0.42       0.62  0.256667\n",
       "\n",
       "[117 rows x 3 columns]"
      ]
     },
     "execution_count": 6,
     "metadata": {},
     "output_type": "execute_result"
    }
   ],
   "source": [
    "p_stop_average = pd.DataFrame(datatables.groupby(['GPeA-dSPN', 'GPeA-iSPN'])['num_stops'].mean()).reset_index()\n",
    "p_stop_average = p_stop_average.rename({'num_stops': 'p_stop'}, axis=1)\n",
    "saveresults_vars(p_stop_average, data_dir+'p_stop_average_weights-analysis')\n",
    "p_stop_average"
   ]
  },
  {
   "cell_type": "code",
   "execution_count": 7,
   "id": "4392f790-fb5d-4b54-9a40-f90e6570eee8",
   "metadata": {},
   "outputs": [],
   "source": [
    "p_stop_average = loadresults_vars(data_dir+'p_stop_average_weights-analysis')"
   ]
  },
  {
   "cell_type": "code",
   "execution_count": 8,
   "id": "e45fc829",
   "metadata": {},
   "outputs": [
    {
     "data": {
      "text/html": [
       "<div>\n",
       "<style scoped>\n",
       "    .dataframe tbody tr th:only-of-type {\n",
       "        vertical-align: middle;\n",
       "    }\n",
       "\n",
       "    .dataframe tbody tr th {\n",
       "        vertical-align: top;\n",
       "    }\n",
       "\n",
       "    .dataframe thead th {\n",
       "        text-align: right;\n",
       "    }\n",
       "</style>\n",
       "<table border=\"1\" class=\"dataframe\">\n",
       "  <thead>\n",
       "    <tr style=\"text-align: right;\">\n",
       "      <th>GPeA-dSPN</th>\n",
       "      <th>0.02</th>\n",
       "      <th>0.07</th>\n",
       "      <th>0.12</th>\n",
       "      <th>0.17</th>\n",
       "      <th>0.22</th>\n",
       "      <th>0.27</th>\n",
       "      <th>0.32</th>\n",
       "      <th>0.37</th>\n",
       "      <th>0.42</th>\n",
       "    </tr>\n",
       "    <tr>\n",
       "      <th>GPeA-iSPN</th>\n",
       "      <th></th>\n",
       "      <th></th>\n",
       "      <th></th>\n",
       "      <th></th>\n",
       "      <th></th>\n",
       "      <th></th>\n",
       "      <th></th>\n",
       "      <th></th>\n",
       "      <th></th>\n",
       "    </tr>\n",
       "  </thead>\n",
       "  <tbody>\n",
       "    <tr>\n",
       "      <th>0.02</th>\n",
       "      <td>0.213333</td>\n",
       "      <td>0.310000</td>\n",
       "      <td>0.496667</td>\n",
       "      <td>0.636667</td>\n",
       "      <td>0.743333</td>\n",
       "      <td>0.763333</td>\n",
       "      <td>0.846667</td>\n",
       "      <td>0.900000</td>\n",
       "      <td>0.923333</td>\n",
       "    </tr>\n",
       "    <tr>\n",
       "      <th>0.07</th>\n",
       "      <td>0.103333</td>\n",
       "      <td>0.256667</td>\n",
       "      <td>0.360000</td>\n",
       "      <td>0.490000</td>\n",
       "      <td>0.636667</td>\n",
       "      <td>0.756667</td>\n",
       "      <td>0.766667</td>\n",
       "      <td>0.876667</td>\n",
       "      <td>0.893333</td>\n",
       "    </tr>\n",
       "    <tr>\n",
       "      <th>0.12</th>\n",
       "      <td>0.050000</td>\n",
       "      <td>0.170000</td>\n",
       "      <td>0.253333</td>\n",
       "      <td>0.373333</td>\n",
       "      <td>0.503333</td>\n",
       "      <td>0.633333</td>\n",
       "      <td>0.773333</td>\n",
       "      <td>0.803333</td>\n",
       "      <td>0.846667</td>\n",
       "    </tr>\n",
       "    <tr>\n",
       "      <th>0.17</th>\n",
       "      <td>0.046667</td>\n",
       "      <td>0.093333</td>\n",
       "      <td>0.173333</td>\n",
       "      <td>0.306667</td>\n",
       "      <td>0.426667</td>\n",
       "      <td>0.540000</td>\n",
       "      <td>0.660000</td>\n",
       "      <td>0.773333</td>\n",
       "      <td>0.790000</td>\n",
       "    </tr>\n",
       "    <tr>\n",
       "      <th>0.22</th>\n",
       "      <td>0.013333</td>\n",
       "      <td>0.083333</td>\n",
       "      <td>0.120000</td>\n",
       "      <td>0.233333</td>\n",
       "      <td>0.346667</td>\n",
       "      <td>0.406667</td>\n",
       "      <td>0.533333</td>\n",
       "      <td>0.666667</td>\n",
       "      <td>0.730000</td>\n",
       "    </tr>\n",
       "    <tr>\n",
       "      <th>0.27</th>\n",
       "      <td>0.003333</td>\n",
       "      <td>0.060000</td>\n",
       "      <td>0.060000</td>\n",
       "      <td>0.166667</td>\n",
       "      <td>0.260000</td>\n",
       "      <td>0.336667</td>\n",
       "      <td>0.503333</td>\n",
       "      <td>0.610000</td>\n",
       "      <td>0.683333</td>\n",
       "    </tr>\n",
       "    <tr>\n",
       "      <th>0.32</th>\n",
       "      <td>0.010000</td>\n",
       "      <td>0.020000</td>\n",
       "      <td>0.056667</td>\n",
       "      <td>0.116667</td>\n",
       "      <td>0.206667</td>\n",
       "      <td>0.266667</td>\n",
       "      <td>0.426667</td>\n",
       "      <td>0.500000</td>\n",
       "      <td>0.583333</td>\n",
       "    </tr>\n",
       "    <tr>\n",
       "      <th>0.37</th>\n",
       "      <td>0.003333</td>\n",
       "      <td>0.013333</td>\n",
       "      <td>0.023333</td>\n",
       "      <td>0.066667</td>\n",
       "      <td>0.090000</td>\n",
       "      <td>0.190000</td>\n",
       "      <td>0.316667</td>\n",
       "      <td>0.436667</td>\n",
       "      <td>0.520000</td>\n",
       "    </tr>\n",
       "    <tr>\n",
       "      <th>0.42</th>\n",
       "      <td>0.000000</td>\n",
       "      <td>0.000000</td>\n",
       "      <td>0.013333</td>\n",
       "      <td>0.046667</td>\n",
       "      <td>0.106667</td>\n",
       "      <td>0.190000</td>\n",
       "      <td>0.280000</td>\n",
       "      <td>0.360000</td>\n",
       "      <td>0.443333</td>\n",
       "    </tr>\n",
       "    <tr>\n",
       "      <th>0.47</th>\n",
       "      <td>0.003333</td>\n",
       "      <td>0.003333</td>\n",
       "      <td>0.003333</td>\n",
       "      <td>0.030000</td>\n",
       "      <td>0.086667</td>\n",
       "      <td>0.143333</td>\n",
       "      <td>0.193333</td>\n",
       "      <td>0.293333</td>\n",
       "      <td>0.406667</td>\n",
       "    </tr>\n",
       "    <tr>\n",
       "      <th>0.52</th>\n",
       "      <td>0.000000</td>\n",
       "      <td>0.000000</td>\n",
       "      <td>0.003333</td>\n",
       "      <td>0.016667</td>\n",
       "      <td>0.056667</td>\n",
       "      <td>0.106667</td>\n",
       "      <td>0.156667</td>\n",
       "      <td>0.216667</td>\n",
       "      <td>0.306667</td>\n",
       "    </tr>\n",
       "    <tr>\n",
       "      <th>0.57</th>\n",
       "      <td>0.000000</td>\n",
       "      <td>0.000000</td>\n",
       "      <td>0.006667</td>\n",
       "      <td>0.003333</td>\n",
       "      <td>0.020000</td>\n",
       "      <td>0.063333</td>\n",
       "      <td>0.090000</td>\n",
       "      <td>0.223333</td>\n",
       "      <td>0.276667</td>\n",
       "    </tr>\n",
       "    <tr>\n",
       "      <th>0.62</th>\n",
       "      <td>0.000000</td>\n",
       "      <td>0.000000</td>\n",
       "      <td>0.003333</td>\n",
       "      <td>0.006667</td>\n",
       "      <td>0.036667</td>\n",
       "      <td>0.070000</td>\n",
       "      <td>0.063333</td>\n",
       "      <td>0.156667</td>\n",
       "      <td>0.256667</td>\n",
       "    </tr>\n",
       "  </tbody>\n",
       "</table>\n",
       "</div>"
      ],
      "text/plain": [
       "GPeA-dSPN      0.02      0.07      0.12      0.17      0.22      0.27  \\\n",
       "GPeA-iSPN                                                               \n",
       "0.02       0.213333  0.310000  0.496667  0.636667  0.743333  0.763333   \n",
       "0.07       0.103333  0.256667  0.360000  0.490000  0.636667  0.756667   \n",
       "0.12       0.050000  0.170000  0.253333  0.373333  0.503333  0.633333   \n",
       "0.17       0.046667  0.093333  0.173333  0.306667  0.426667  0.540000   \n",
       "0.22       0.013333  0.083333  0.120000  0.233333  0.346667  0.406667   \n",
       "0.27       0.003333  0.060000  0.060000  0.166667  0.260000  0.336667   \n",
       "0.32       0.010000  0.020000  0.056667  0.116667  0.206667  0.266667   \n",
       "0.37       0.003333  0.013333  0.023333  0.066667  0.090000  0.190000   \n",
       "0.42       0.000000  0.000000  0.013333  0.046667  0.106667  0.190000   \n",
       "0.47       0.003333  0.003333  0.003333  0.030000  0.086667  0.143333   \n",
       "0.52       0.000000  0.000000  0.003333  0.016667  0.056667  0.106667   \n",
       "0.57       0.000000  0.000000  0.006667  0.003333  0.020000  0.063333   \n",
       "0.62       0.000000  0.000000  0.003333  0.006667  0.036667  0.070000   \n",
       "\n",
       "GPeA-dSPN      0.32      0.37      0.42  \n",
       "GPeA-iSPN                                \n",
       "0.02       0.846667  0.900000  0.923333  \n",
       "0.07       0.766667  0.876667  0.893333  \n",
       "0.12       0.773333  0.803333  0.846667  \n",
       "0.17       0.660000  0.773333  0.790000  \n",
       "0.22       0.533333  0.666667  0.730000  \n",
       "0.27       0.503333  0.610000  0.683333  \n",
       "0.32       0.426667  0.500000  0.583333  \n",
       "0.37       0.316667  0.436667  0.520000  \n",
       "0.42       0.280000  0.360000  0.443333  \n",
       "0.47       0.193333  0.293333  0.406667  \n",
       "0.52       0.156667  0.216667  0.306667  \n",
       "0.57       0.090000  0.223333  0.276667  \n",
       "0.62       0.063333  0.156667  0.256667  "
      ]
     },
     "execution_count": 8,
     "metadata": {},
     "output_type": "execute_result"
    }
   ],
   "source": [
    "p_stop_table = p_stop_average.pivot_table(index='GPeA-iSPN', columns='GPeA-dSPN', values='p_stop')\n",
    "p_stop_table"
   ]
  },
  {
   "cell_type": "code",
   "execution_count": 9,
   "id": "84316f37",
   "metadata": {},
   "outputs": [
    {
     "data": {
      "text/html": [
       "<div>\n",
       "<style scoped>\n",
       "    .dataframe tbody tr th:only-of-type {\n",
       "        vertical-align: middle;\n",
       "    }\n",
       "\n",
       "    .dataframe tbody tr th {\n",
       "        vertical-align: top;\n",
       "    }\n",
       "\n",
       "    .dataframe thead th {\n",
       "        text-align: right;\n",
       "    }\n",
       "</style>\n",
       "<table border=\"1\" class=\"dataframe\">\n",
       "  <thead>\n",
       "    <tr style=\"text-align: right;\">\n",
       "      <th>GPeA-dSPN</th>\n",
       "      <th>0.02</th>\n",
       "      <th>0.07</th>\n",
       "      <th>0.12</th>\n",
       "      <th>0.17</th>\n",
       "      <th>0.22</th>\n",
       "      <th>0.27</th>\n",
       "      <th>0.32</th>\n",
       "      <th>0.37</th>\n",
       "      <th>0.42</th>\n",
       "    </tr>\n",
       "    <tr>\n",
       "      <th>GPeA-iSPN</th>\n",
       "      <th></th>\n",
       "      <th></th>\n",
       "      <th></th>\n",
       "      <th></th>\n",
       "      <th></th>\n",
       "      <th></th>\n",
       "      <th></th>\n",
       "      <th></th>\n",
       "      <th></th>\n",
       "    </tr>\n",
       "  </thead>\n",
       "  <tbody>\n",
       "    <tr>\n",
       "      <th>0.62</th>\n",
       "      <td>0.000000</td>\n",
       "      <td>0.000000</td>\n",
       "      <td>0.003333</td>\n",
       "      <td>0.006667</td>\n",
       "      <td>0.036667</td>\n",
       "      <td>0.070000</td>\n",
       "      <td>0.063333</td>\n",
       "      <td>0.156667</td>\n",
       "      <td>0.256667</td>\n",
       "    </tr>\n",
       "    <tr>\n",
       "      <th>0.57</th>\n",
       "      <td>0.000000</td>\n",
       "      <td>0.000000</td>\n",
       "      <td>0.006667</td>\n",
       "      <td>0.003333</td>\n",
       "      <td>0.020000</td>\n",
       "      <td>0.063333</td>\n",
       "      <td>0.090000</td>\n",
       "      <td>0.223333</td>\n",
       "      <td>0.276667</td>\n",
       "    </tr>\n",
       "    <tr>\n",
       "      <th>0.52</th>\n",
       "      <td>0.000000</td>\n",
       "      <td>0.000000</td>\n",
       "      <td>0.003333</td>\n",
       "      <td>0.016667</td>\n",
       "      <td>0.056667</td>\n",
       "      <td>0.106667</td>\n",
       "      <td>0.156667</td>\n",
       "      <td>0.216667</td>\n",
       "      <td>0.306667</td>\n",
       "    </tr>\n",
       "    <tr>\n",
       "      <th>0.47</th>\n",
       "      <td>0.003333</td>\n",
       "      <td>0.003333</td>\n",
       "      <td>0.003333</td>\n",
       "      <td>0.030000</td>\n",
       "      <td>0.086667</td>\n",
       "      <td>0.143333</td>\n",
       "      <td>0.193333</td>\n",
       "      <td>0.293333</td>\n",
       "      <td>0.406667</td>\n",
       "    </tr>\n",
       "    <tr>\n",
       "      <th>0.42</th>\n",
       "      <td>0.000000</td>\n",
       "      <td>0.000000</td>\n",
       "      <td>0.013333</td>\n",
       "      <td>0.046667</td>\n",
       "      <td>0.106667</td>\n",
       "      <td>0.190000</td>\n",
       "      <td>0.280000</td>\n",
       "      <td>0.360000</td>\n",
       "      <td>0.443333</td>\n",
       "    </tr>\n",
       "    <tr>\n",
       "      <th>0.37</th>\n",
       "      <td>0.003333</td>\n",
       "      <td>0.013333</td>\n",
       "      <td>0.023333</td>\n",
       "      <td>0.066667</td>\n",
       "      <td>0.090000</td>\n",
       "      <td>0.190000</td>\n",
       "      <td>0.316667</td>\n",
       "      <td>0.436667</td>\n",
       "      <td>0.520000</td>\n",
       "    </tr>\n",
       "    <tr>\n",
       "      <th>0.32</th>\n",
       "      <td>0.010000</td>\n",
       "      <td>0.020000</td>\n",
       "      <td>0.056667</td>\n",
       "      <td>0.116667</td>\n",
       "      <td>0.206667</td>\n",
       "      <td>0.266667</td>\n",
       "      <td>0.426667</td>\n",
       "      <td>0.500000</td>\n",
       "      <td>0.583333</td>\n",
       "    </tr>\n",
       "    <tr>\n",
       "      <th>0.27</th>\n",
       "      <td>0.003333</td>\n",
       "      <td>0.060000</td>\n",
       "      <td>0.060000</td>\n",
       "      <td>0.166667</td>\n",
       "      <td>0.260000</td>\n",
       "      <td>0.336667</td>\n",
       "      <td>0.503333</td>\n",
       "      <td>0.610000</td>\n",
       "      <td>0.683333</td>\n",
       "    </tr>\n",
       "    <tr>\n",
       "      <th>0.22</th>\n",
       "      <td>0.013333</td>\n",
       "      <td>0.083333</td>\n",
       "      <td>0.120000</td>\n",
       "      <td>0.233333</td>\n",
       "      <td>0.346667</td>\n",
       "      <td>0.406667</td>\n",
       "      <td>0.533333</td>\n",
       "      <td>0.666667</td>\n",
       "      <td>0.730000</td>\n",
       "    </tr>\n",
       "    <tr>\n",
       "      <th>0.17</th>\n",
       "      <td>0.046667</td>\n",
       "      <td>0.093333</td>\n",
       "      <td>0.173333</td>\n",
       "      <td>0.306667</td>\n",
       "      <td>0.426667</td>\n",
       "      <td>0.540000</td>\n",
       "      <td>0.660000</td>\n",
       "      <td>0.773333</td>\n",
       "      <td>0.790000</td>\n",
       "    </tr>\n",
       "    <tr>\n",
       "      <th>0.12</th>\n",
       "      <td>0.050000</td>\n",
       "      <td>0.170000</td>\n",
       "      <td>0.253333</td>\n",
       "      <td>0.373333</td>\n",
       "      <td>0.503333</td>\n",
       "      <td>0.633333</td>\n",
       "      <td>0.773333</td>\n",
       "      <td>0.803333</td>\n",
       "      <td>0.846667</td>\n",
       "    </tr>\n",
       "    <tr>\n",
       "      <th>0.07</th>\n",
       "      <td>0.103333</td>\n",
       "      <td>0.256667</td>\n",
       "      <td>0.360000</td>\n",
       "      <td>0.490000</td>\n",
       "      <td>0.636667</td>\n",
       "      <td>0.756667</td>\n",
       "      <td>0.766667</td>\n",
       "      <td>0.876667</td>\n",
       "      <td>0.893333</td>\n",
       "    </tr>\n",
       "    <tr>\n",
       "      <th>0.02</th>\n",
       "      <td>0.213333</td>\n",
       "      <td>0.310000</td>\n",
       "      <td>0.496667</td>\n",
       "      <td>0.636667</td>\n",
       "      <td>0.743333</td>\n",
       "      <td>0.763333</td>\n",
       "      <td>0.846667</td>\n",
       "      <td>0.900000</td>\n",
       "      <td>0.923333</td>\n",
       "    </tr>\n",
       "  </tbody>\n",
       "</table>\n",
       "</div>"
      ],
      "text/plain": [
       "GPeA-dSPN      0.02      0.07      0.12      0.17      0.22      0.27  \\\n",
       "GPeA-iSPN                                                               \n",
       "0.62       0.000000  0.000000  0.003333  0.006667  0.036667  0.070000   \n",
       "0.57       0.000000  0.000000  0.006667  0.003333  0.020000  0.063333   \n",
       "0.52       0.000000  0.000000  0.003333  0.016667  0.056667  0.106667   \n",
       "0.47       0.003333  0.003333  0.003333  0.030000  0.086667  0.143333   \n",
       "0.42       0.000000  0.000000  0.013333  0.046667  0.106667  0.190000   \n",
       "0.37       0.003333  0.013333  0.023333  0.066667  0.090000  0.190000   \n",
       "0.32       0.010000  0.020000  0.056667  0.116667  0.206667  0.266667   \n",
       "0.27       0.003333  0.060000  0.060000  0.166667  0.260000  0.336667   \n",
       "0.22       0.013333  0.083333  0.120000  0.233333  0.346667  0.406667   \n",
       "0.17       0.046667  0.093333  0.173333  0.306667  0.426667  0.540000   \n",
       "0.12       0.050000  0.170000  0.253333  0.373333  0.503333  0.633333   \n",
       "0.07       0.103333  0.256667  0.360000  0.490000  0.636667  0.756667   \n",
       "0.02       0.213333  0.310000  0.496667  0.636667  0.743333  0.763333   \n",
       "\n",
       "GPeA-dSPN      0.32      0.37      0.42  \n",
       "GPeA-iSPN                                \n",
       "0.62       0.063333  0.156667  0.256667  \n",
       "0.57       0.090000  0.223333  0.276667  \n",
       "0.52       0.156667  0.216667  0.306667  \n",
       "0.47       0.193333  0.293333  0.406667  \n",
       "0.42       0.280000  0.360000  0.443333  \n",
       "0.37       0.316667  0.436667  0.520000  \n",
       "0.32       0.426667  0.500000  0.583333  \n",
       "0.27       0.503333  0.610000  0.683333  \n",
       "0.22       0.533333  0.666667  0.730000  \n",
       "0.17       0.660000  0.773333  0.790000  \n",
       "0.12       0.773333  0.803333  0.846667  \n",
       "0.07       0.766667  0.876667  0.893333  \n",
       "0.02       0.846667  0.900000  0.923333  "
      ]
     },
     "execution_count": 9,
     "metadata": {},
     "output_type": "execute_result"
    }
   ],
   "source": [
    "p_stop_reverse = p_stop_table.iloc[::-1]\n",
    "p_stop_reverse"
   ]
  },
  {
   "cell_type": "code",
   "execution_count": 11,
   "id": "3aae38c0",
   "metadata": {},
   "outputs": [
    {
     "data": {
